///技表示例
///技以技名开头
///第二行记录技的长度（需要的拍数）
///以一行为一个音符
///每行的音符参数：该音符的起始拍数，音符类型，音符位置，（音符长度）
///拍从零开始数
///音符类型：0.点按 1.长条 2.滑动
///音符位置：0.1.2.3从左至右标号
///文件结尾多敲两行回车
oad关西
4
0 0 1
0 0 2
1 0 0
2 0 1
2 0 2
3 0 3

你嗨我嗨
4
0 1 0 2
2 0 3
3 0 3

哎买咯水晶
8
0 0 0
1 0 3
2 0 1
3 0 2
4 1 0 2
4 1 3 2
6 0 3
7 0 3

逼买咯警报
4
0 1 2 2
2 0 3
3 0 3

水晶
8
0 0 0
1 0 3
2 0 1
3 0 2
4 1 0 2
4 1 3 2
6 0 3
7 0 3

罗曼斯警报
8
0 0 0
1 0 1
2 0 0
3 0 1
4 1 0 4
4 0 2
5 0 3
6 0 2
7 0 3

罗曼斯
16
0 1 0 2
0 0 3
1 0 2
2 1 3 2
2 0 0
3 0 1
4 0 0
5 0 3
6 1 0 2
6 0 3
7 0 2
8 1 3 2
8 0 0
9 0 1
10 1 0 2
10 0 3
11 0 2
12 0 3
13 0 0
14 1 3 2
14 0 0
15 0 1

雷蛇
16
0 1 1 2
0 1 3 2
2 0 0
3 0 3
4 0 0
4 0 2
6 0 0
6 0 2
7 0 0
7 0 2
8 0 0
9 0 0
10 0 2
11 0 3
12 0 2
13 0 0
14 0 1
15 0 3

天照改
16
0 1 0 2
0 0 2
1 0 3
2 1 3 2
2 0 1
3 0 0
4 1 0 2
5 0 3
6 1 0 2
6 1 3 2
8 0 3
9 0 3
10 0 0
11 0 3
12 1 0 2
12 1 3 2
14 0 1
14 0 3
15 0 0
15 0 2

八拍空
8

雷蛇前咕噜
4
0 0 2
1 0 3
2 0 2
3 0 3

四拍空
4

洛砸力欧
4
0 1 2 2
2 0 1
2 0 3
3 0 1
3 0 3

洛杉矶
8
0 1 1 4
0 1 2 4
4 1 0 2
4 1 3 2
6 0 1
6 0 3
7 0 1
7 0 3

